48 24 11 15 2 32 23 16 44 10 12 10 40 30 25 41 35 18 39 38 16 22 14 29 13 29 18 31 40 1 3 38 27 15 3 29 49 26 45 45 38 10 6 28 40 33 21 27 1 11 
15 17 35 31 49 0 13 17 31 3 18 35 41 47 2 45 27 3 23 24 48 14 36 6 44 28 40 16 6 41 29 23 11 16 7 10 16 20 29 47 23 0 34 14 47 38 11 26 41 37 
1 42 1 39 48 47 18 40 13 26 34 44 1 45 10 8 7 26 28 38 26 3 38 10 20 36 49 31 12 42 20 15 34 23 5 35 21 23 25 34 1 9 29 2 6 41 13 15 18 43 
4 46 47 42 6 17 28 7 0 41 2 21 8 36 44 13 21 15 38 47 2 39 8 31 44 15 24 9 30 42 2 34 40 49 27 47 16 7 6 19 0 8 40 9 47 34 24 20 0 13 
19 2 4 28 35 48 45 9 7 25 4 12 12 44 11 41 43 30 0 2 49 1 12 41 12 9 25 36 32 27 49 1 31 4 29 18 4 24 30 14 2 36 26 14 32 39 7 26 21 7 
30 20 8 42 11 22 4 39 9 36 18 10 39 0 14 19 20 21 45 0 37 49 36 13 13 19 4 22 47 26 30 27 48 40 21 12 13 27 1 24 15 19 34 5 21 1 26 42 22 21 
44 9 21 31 24 36 2 28 9 1 6 41 30 5 33 1 17 48 31 20 22 46 39 7 1 13 10 27 5 32 1 1 43 24 32 19 10 36 47 21 37 4 14 17 11 48 21 28 46 2 
48 21 0 39 28 4 2 38 31 9 22 34 11 17 8 45 36 21 32 33 42 21 39 7 39 0 7 12 30 3 14 28 24 14 20 4 18 22 44 2 34 18 38 47 35 47 42 21 20 26 
7 12 48 46 21 39 49 28 1 31 34 17 10 8 33 32 15 4 6 9 8 40 28 46 37 13 45 32 37 17 8 44 30 8 40 3 47 41 34 0 23 18 19 35 28 3 17 43 7 23 
5 17 14 35 15 3 48 13 35 35 30 46 31 10 4 22 16 4 15 0 4 38 18 24 23 46 29 42 42 38 16 47 5 32 32 20 37 32 33 25 20 16 21 1 26 25 25 44 29 41 
44 36 31 14 12 7 11 41 49 5 29 17 2 36 1 36 8 39 18 44 14 40 10 37 44 38 12 19 33 44 10 27 30 44 42 42 1 5 33 0 10 14 20 14 2 21 0 10 12 20 
4 26 13 14 13 7 3 28 26 38 22 39 17 2 33 11 46 34 16 31 36 28 47 6 44 49 28 44 9 40 17 16 19 30 30 34 37 35 14 15 25 36 4 43 40 39 4 38 25 23 
19 12 3 16 20 48 15 0 44 27 43 13 43 14 43 25 0 32 13 15 48 38 3 4 31 46 44 38 34 21 11 4 35 16 22 6 14 40 6 11 17 1 24 10 15 20 35 16 2 48 
31 2 39 36 7 20 32 3 10 17 24 23 23 10 40 47 18 6 37 24 17 4 28 44 16 43 14 4 9 16 4 42 19 43 29 28 16 13 31 26 30 7 0 5 17 42 3 37 48 42 
14 16 47 42 10 15 35 26 21 47 42 28 39 13 21 20 43 39 34 24 18 16 34 20 22 3 12 27 41 10 19 5 28 18 47 40 34 34 16 7 31 11 35 21 26 9 43 20 0 27 
46 18 44 30 40 18 34 2 45 25 15 14 32 45 35 29 36 21 13 4 28 47 17 14 18 44 25 13 14 25 41 12 46 37 43 36 5 27 41 2 4 8 18 38 3 3 17 41 24 32 
48 3 29 15 19 49 11 46 15 25 23 6 40 19 45 33 8 2 12 49 4 18 9 24 6 12 28 25 6 2 7 4 7 39 21 28 40 33 26 5 10 0 13 0 19 8 35 29 10 47 
30 16 15 39 41 21 2 21 48 10 25 8 16 35 47 37 13 39 22 42 47 33 42 12 35 13 21 21 43 33 18 23 2 36 13 45 9 17 16 8 27 41 16 45 26 15 32 42 4 5 
34 3 40 26 16 25 41 39 46 34 24 15 10 26 1 25 21 10 42 39 20 21 31 36 16 7 1 0 1 8 5 35 11 45 13 27 21 5 18 17 41 43 34 1 21 37 26 45 0 20 
34 20 43 17 7 9 27 8 10 28 16 17 14 30 13 29 9 36 34 28 5 28 23 42 31 44 29 10 41 29 30 26 2 24 45 11 35 22 19 47 1 38 15 17 20 30 46 29 16 31 
7 23 11 32 15 42 27 47 2 20 28 35 48 30 11 44 41 46 16 13 44 17 3 11 34 23 41 31 4 9 14 12 32 27 46 0 19 25 47 24 46 25 9 44 8 22 38 1 18 5 
16 14 24 19 25 11 44 18 44 49 27 10 13 10 37 9 10 6 35 9 32 31 36 43 27 46 15 16 48 36 23 16 0 47 36 28 8 32 46 2 31 24 14 46 36 1 8 48 10 43 
9 42 26 45 36 3 44 1 21 42 37 44 10 40 44 46 20 2 31 18 7 14 42 21 11 30 25 21 28 35 16 39 27 42 35 15 47 29 19 21 23 8 15 33 48 9 32 20 14 15 
39 23 29 33 46 42 14 21 13 44 6 31 34 36 23 21 3 23 2 22 46 25 31 11 10 31 23 44 4 37 9 43 12 41 26 8 35 42 30 49 39 38 30 23 26 6 44 32 31 48 
6 27 23 39 40 35 21 13 32 27 2 43 20 14 34 48 25 20 43 7 21 32 47 3 7 24 11 3 8 44 1 14 23 26 4 14 13 27 29 45 4 34 39 26 0 25 26 25 47 19 
32 18 3 30 24 10 6 37 15 16 32 16 30 5 42 34 21 8 13 3 3 17 37 44 45 37 20 22 13 17 43 47 38 49 29 12 11 37 1 27 3 33 43 34 41 38 20 14 46 36 
17 1 3 6 46 1 46 18 25 11 35 20 8 25 19 40 39 31 27 41 8 33 24 3 19 17 43 39 34 41 25 3 43 31 10 41 34 6 9 9 17 46 29 27 22 49 17 13 32 47 
4 42 30 31 45 49 0 41 40 34 32 18 38 27 1 0 20 35 8 31 46 27 28 25 4 2 26 24 15 10 21 22 2 3 3 48 4 3 41 44 38 23 12 28 3 15 28 23 0 38 
5 48 15 35 24 19 39 2 45 6 13 18 28 15 21 33 15 25 39 6 22 27 32 36 7 35 2 37 10 4 25 17 3 40 4 27 11 43 31 7 2 44 25 32 12 49 16 27 26 7 
36 48 36 20 35 43 5 37 30 17 41 7 35 46 49 39 25 10 35 7 19 37 3 45 21 15 46 39 45 22 46 33 21 32 3 8 25 8 45 7 27 38 16 12 35 15 2 10 26 39 
19 47 28 23 42 49 40 40 39 35 13 35 18 36 20 21 44 45 31 41 5 9 29 23 23 16 39 27 29 17 16 48 14 44 21 9 44 12 49 35 49 14 22 20 0 42 41 46 40 25 
37 47 36 19 20 9 37 9 39 16 28 5 17 43 2 40 2 48 2 3 33 4 18 5 24 20 0 17 19 40 44 6 37 30 27 7 42 15 19 31 33 47 38 0 42 40 41 46 38 45 
0 23 49 20 31 25 42 31 43 11 23 37 20 12 20 47 21 14 14 42 45 48 40 33 0 34 26 41 31 16 39 31 40 38 3 23 16 45 6 9 7 29 48 27 43 20 26 14 34 43 
7 31 41 49 15 43 33 43 37 14 9 26 47 1 16 0 26 32 46 32 43 5 13 44 34 6 14 10 23 49 3 30 30 46 31 47 42 14 42 29 31 4 5 28 5 21 29 34 6 27 
16 49 32 32 43 18 38 10 28 11 11 34 43 43 32 24 43 24 41 35 5 22 39 10 0 47 34 31 31 42 8 49 41 42 31 37 10 20 47 41 33 10 27 29 3 9 5 46 36 46 
34 43 18 23 4 21 22 40 2 3 32 13 3 25 5 34 14 18 6 13 9 42 23 36 23 27 47 28 25 35 27 9 29 47 35 35 18 7 27 21 11 11 36 16 38 41 2 3 9 9 
16 20 3 40 8 28 19 8 6 44 45 35 6 24 33 41 11 3 48 40 26 11 1 12 27 40 4 30 43 15 41 11 38 44 1 48 22 22 6 30 17 2 18 25 28 1 16 42 4 14 
32 31 28 36 45 5 26 49 35 21 17 28 32 7 22 36 5 46 8 12 29 25 16 47 0 46 0 18 38 6 35 23 39 13 9 35 20 35 34 6 8 3 34 40 10 9 26 18 7 35 
32 36 12 48 35 15 46 35 33 37 42 20 10 31 33 19 16 4 6 3 12 14 8 48 6 21 9 33 39 17 20 21 5 34 21 41 49 19 28 35 6 22 5 16 4 41 37 22 47 43 
25 11 9 36 11 16 7 21 1 46 40 21 19 47 7 42 40 7 11 19 44 18 41 49 36 47 42 24 20 41 17 47 2 27 33 14 45 40 37 46 38 27 19 9 26 26 1 17 35 13 
38 29 33 29 31 19 27 23 43 49 17 13 46 19 42 32 35 37 24 22 35 13 1 6 24 30 34 26 47 20 41 35 1 24 16 32 43 45 8 39 44 25 2 43 46 46 25 32 33 1 
6 20 14 10 28 39 40 12 17 39 32 8 24 34 32 40 18 27 36 26 18 32 3 22 25 0 18 2 34 3 4 42 23 20 2 1 11 44 16 28 33 48 38 9 34 22 0 3 2 38 
31 20 22 35 43 0 37 11 4 21 17 10 13 42 31 18 44 44 12 12 25 48 10 13 7 47 36 9 2 38 49 33 10 22 20 3 24 7 17 28 30 34 39 46 26 22 14 22 18 28 
34 43 28 47 9 36 46 47 45 48 37 47 33 47 21 4 3 45 13 20 25 44 6 16 42 34 38 8 9 9 38 43 2 17 42 11 3 38 10 0 38 47 47 22 45 20 26 48 15 41 
20 41 37 28 9 29 12 0 37 23 9 28 19 13 45 11 27 0 2 37 0 40 35 0 12 30 20 40 30 38 32 2 31 19 32 40 1 46 40 40 20 1 18 39 15 13 0 42 15 4 
29 16 45 14 18 7 46 40 0 26 30 32 30 11 3 12 4 4 9 46 45 31 48 15 20 13 29 22 5 44 27 34 12 24 49 32 31 47 25 31 26 5 15 6 17 19 21 23 23 32 
19 20 13 17 36 33 30 17 7 35 13 34 22 28 10 23 10 42 20 35 25 46 43 41 5 12 12 26 35 37 8 4 8 21 24 46 6 4 13 15 42 28 2 14 6 12 39 19 6 9 
6 32 8 49 25 13 11 39 39 48 26 49 5 36 22 29 32 30 35 47 45 27 26 47 43 32 10 32 1 16 44 10 0 2 9 27 15 23 16 6 21 45 5 28 31 27 7 14 7 43 
13 2 22 39 2 18 24 14 0 27 30 46 37 33 0 49 12 15 22 29 21 45 24 28 24 7 5 33 21 12 26 37 17 1 26 19 19 0 33 21 30 15 18 17 0 18 16 13 36 40 
44 9 36 18 38 12 27 43 45 1 8 24 38 25 25 14 46 44 17 31 15 47 46 35 16 47 6 35 12 42 25 6 3 11 26 41 23 3 35 21 4 45 45 42 22 20 9 18 16 28 
